Odom:
position: 
  x: -0.000200781447347
  y: -3.64226179954e-05
  z: 0.0
orientation: 
  x: 0.0
  y: 0.0
  z: 0.989820897579
  w: 0.142318636179

ScanRanges:
(0.0, 0.0, 0.0, 0.0, 0.0, 0.0, 0.0, 0.0, 0.0, 0.0, 0.0, 0.0, 0.0, 0.0, 0.0, 0.0, 0.0, 0.0, 0.0, 0.0, 0.0, 0.0, 0.0, 0.0, 0.0, 0.0, 0.0, 1.7359999418258667, 0.0, 0.8019999861717224, 0.8130000233650208, 0.824999988079071, 0.8209999799728394, 0.8379999995231628, 0.8529999852180481, 0.8679999709129333, 0.8889999985694885, 0.8989999890327454, 0.9169999957084656, 0.9549999833106995, 0.9900000095367432, 1.687999963760376, 0.5759999752044678, 0.5759999752044678, 0.27300000190734863, 0.27300000190734863, 0.2669999897480011, 0.26100000739097595, 0.2549999952316284, 0.25, 0.24400000274181366, 0.23899999260902405, 0.23499999940395355, 0.23100000619888306, 0.22699999809265137, 0.2240000069141388, 0.2199999988079071, 0.2160000056028366, 0.21299999952316284, 0.20999999344348907, 0.2070000022649765, 0.20499999821186066, 0.20200000703334808, 0.19900000095367432, 0.19699999690055847, 0.19499999284744263, 0.19300000369548798, 0.19099999964237213, 0.1899999976158142, 0.18799999356269836, 0.1860000044107437, 0.1850000023841858, 0.18299999833106995, 0.18199999630451202, 0.1809999942779541, 0.18000000715255737, 0.17900000512599945, 0.17800000309944153, 0.1770000010728836, 0.17599999904632568, 0.17499999701976776, 0.17499999701976776, 0.17399999499320984, 0.17299999296665192, 0.1720000058412552, 0.1720000058412552, 0.17100000381469727, 0.17100000381469727, 0.17000000178813934, 0.17000000178813934, 0.17000000178813934, 0.17000000178813934, 0.16899999976158142, 0.16899999976158142, 0.16899999976158142, 0.16899999976158142, 0.16899999976158142, 0.16899999976158142, 0.17000000178813934, 0.17000000178813934, 0.17100000381469727, 0.17100000381469727, 0.17100000381469727, 0.1720000058412552, 0.1720000058412552, 0.17299999296665192, 0.17299999296665192, 0.17399999499320984, 0.17399999499320984, 0.17499999701976776, 0.17599999904632568, 0.1770000010728836, 0.17800000309944153, 0.17900000512599945, 0.18000000715255737, 0.1809999942779541, 0.18199999630451202, 0.18400000035762787, 0.1850000023841858, 0.1860000044107437, 0.18799999356269836, 0.1889999955892563, 0.19099999964237213, 0.19300000369548798, 0.19499999284744263, 0.20900000631809235, 0.0, 0.0, 0.0, 0.0, 0.0, 0.0, 0.0, 0.0, 0.0, 3.5940001010894775, 3.4639999866485596, 3.1440000534057617, 0.0, 3.430000066757202, 3.7750000953674316, 3.6029999256134033, 3.73799991607666, 0.0, 0.0, 0.0, 0.0, 0.0, 0.0, 0.0, 0.0, 0.0, 2.506999969482422, 2.4719998836517334, 2.4549999237060547, 2.433000087738037, 2.3970000743865967, 2.365999937057495, 2.384000062942505, 2.3989999294281006, 2.5360000133514404, 0.0, 0.0, 0.0, 0.0, 0.0, 0.0, 0.0, 0.0, 0.0, 0.0, 0.0, 0.0, 0.0, 0.0, 0.0, 0.0, 0.0, 0.0, 0.0, 0.0, 3.499000072479248, 3.4730000495910645, 3.444000005722046, 3.447999954223633, 3.4230000972747803, 3.4519999027252197, 3.421999931335449, 0.0, 3.436000108718872, 3.427000045776367, 3.453000068664551, 3.446000099182129, 3.440000057220459, 3.4579999446868896, 3.490999937057495, 3.4719998836517334, 3.486999988555908, 3.4730000495910645, 3.515000104904175, 3.5490000247955322, 3.5280001163482666, 3.5360000133514404, 3.549999952316284, 3.559999942779541, 3.61299991607666, 3.625, 3.63100004196167, 3.6760001182556152, 3.7269999980926514, 3.7139999866485596, 3.6740000247955322, 3.7730000019073486, 3.765000104904175, 0.0, 1.1759999990463257, 1.1679999828338623, 1.159999966621399, 1.1399999856948853, 1.159999966621399, 1.1540000438690186, 1.1399999856948853, 1.1449999809265137, 1.1430000066757202, 1.156000018119812, 1.187000036239624, 4.138999938964844, 4.0370001792907715, 3.9100000858306885, 0.0, 0.0, 0.0, 0.0, 0.0, 0.0, 0.0, 0.0, 0.0, 0.0, 0.0, 0.0, 0.0, 0.0, 0.0, 3.061000108718872, 3.046999931335449, 3.0339999198913574, 2.984999895095825, 2.9560000896453857, 2.9200000762939453, 2.9059998989105225, 2.88700008392334, 2.865999937057495, 2.818000078201294, 2.808000087738037, 2.7820000648498535, 2.7660000324249268, 2.7929999828338623, 1.6080000400543213, 1.7999999523162842, 2.7290000915527344, 2.684000015258789, 2.6429998874664307, 2.671999931335449, 2.6089999675750732, 2.6410000324249268, 2.6429998874664307, 2.7679998874664307, 2.674999952316284, 2.6649999618530273, 2.6710000038146973, 2.674999952316284, 2.6510000228881836, 2.6700000762939453, 2.6659998893737793, 2.6659998893737793, 0.0, 2.9040000438690186, 0.0, 2.9170000553131104, 2.7839999198913574, 2.7929999828338623, 0.0, 2.1710000038146973, 2.180999994277954, 2.1559998989105225, 0.0, 0.0, 0.0, 0.0, 0.0, 0.0, 0.0, 0.0, 0.7200000286102295, 0.7200000286102295, 0.9779999852180481, 0.0, 0.0, 0.0, 0.0, 0.0, 0.0, 0.0, 1.7970000505447388, 1.7719999551773071, 1.7369999885559082, 1.7269999980926514, 1.7070000171661377, 1.6890000104904175, 1.6920000314712524, 1.7029999494552612, 0.0, 0.0, 0.0, 0.0, 0.0, 0.0, 0.0, 0.0, 0.0, 0.0, 3.635999917984009, 3.5929999351501465, 3.7260000705718994, 3.697000026702881, 3.632999897003174, 3.6019999980926514, 3.546999931335449, 3.496000051498413, 3.4609999656677246, 3.3929998874664307, 3.3310000896453857, 3.312000036239624, 3.2839999198913574, 3.253000020980835, 3.303999900817871, 3.4630000591278076, 0.0, 0.0, 0.0, 0.0, 0.0, 0.0, 0.0, 0.0, 0.0, 0.0, 0.0, 0.0, 0.0, 0.0, 0.0, 0.0, 0.0, 0.0, 0.0, 0.0, 0.0, 0.0)
